cpu  1191113 0 898933 43528921 6771 20964 11194 0 0 0
cpu0 215765 0 60741 1140200 757 1737 2915 0 0 0
cpu1 46504 0 18156 1357626 741 1041 920 0 0 0
cpu2 166622 0 46614 1205073 952 1626 1161 0 0 0
cpu3 32122 0 23004 1368847 265 1032 221 0 0 0
cpu4 29798 0 15644 1378542 346 862 181 0 0 0
cpu5 26746 0 17200 1380000 374 881 139 0 0 0
cpu6 28829 0 31245 1363499 315 1037 111 0 0 0
cpu7 25826 0 37903 1360810 117 916 87 0 0 0
cpu8 10237 0 12389 1405569 109 245 54 0 0 0
cpu9 9224 0 12365 1406672 100 231 44 0 0 0
cpu10 6907 0 15997 1405696 159 164 26 0 0 0
cpu11 9382 0 10748 1407714 483 228 42 0 0 0
cpu12 6599 0 13780 1408199 190 161 24 0 0 0
cpu13 13608 0 13495 1399958 402 374 50 0 0 0
cpu14 7381 0 20179 1400975 193 184 25 0 0 0
cpu15 6967 0 21251 1400527 14 173 22 0 0 0
cpu16 198644 0 94652 1124178 184 1993 1423 0 0 0
cpu17 33314 0 46373 1343911 78 1105 104 0 0 0
cpu18 160519 0 83692 1171632 331 2316 3132 0 0 0
cpu19 21690 0 37423 1366486 69 706 77 0 0 0
cpu20 29368 0 47025 1347636 81 1039 83 0 0 0
cpu21 25747 0 44233 1354840 44 908 75 0 0 0
cpu22 14726 0 26214 1385764 82 465 60 0 0 0
cpu23 10274 0 14846 1402115 50 343 52 0 0 0
cpu24 7904 0 20485 1400429 12 154 20 0 0 0
cpu25 7593 0 20872 1400244 87 162 21 0 0 0
cpu26 5893 0 14524 1408398 98 132 18 0 0 0
cpu27 7874 0 23518 1397332 7 173 20 0 0 0
cpu28 6614 0 17543 1404711 5 151 17 0 0 0
cpu29 8833 0 24037 1395703 12 206 24 0 0 0
cpu30 5205 0 8930 1414788 55 115 17 0 0 0
cpu31 4380 0 3836 1420832 44 86 15 0 0 0
intr 603731361 121 0 0 0 0 0 0 0 0 1 0 0 0 0 0 0 0 0 0 0 0 0 0 0 0 0 0 0 0 0 0 1 1 1 2 1 0 212 187077 208531 302743 52244 77055 39321 23033 11562 3708 7074 1093 4222 1160 5903 1381 378 48466 39062 84079 18059 13378 13939 19111 16799 1878 198 377 593 246 598 66 381 0 0 0 0 0 0 0 0 0 0 134 0 0 0 0 0 0 0 0 0 0 0 0 0 0 0 0 0 0 0 985 0 75 392 0 1799199 0 0 0 0 0 0 0 0 0 0 0 0 0 0 0 0 0 0 0 0 0 0 0 0 0 0 0 0 0 0 0 0 0 0 0 0 0 0 0 0 0 0 0 0 0 0 0 0 0 0 0 0 0 0 0 0 0 0 0 0 0 0 0 0 0 0 0 0 0 0 0 0 0 0 0 0 0 0 0 0 0 0 0 0 0 0 0 0 0 0 0 0 0 0 0 0 0 0 0 0 0 0 0 0 0 0 0 0 0 0 0 0 0 0 0 0 0 0 0 0 0 0 0 0 0 0 0 0 0 0 0 0 0 0 0 0 0 0 0 0 0 0 0 0 0 0 0 0 0 0 0 0 0 0 0 0 0 0 0 0 0 0 0 0 0 0 0 0 0 0 0 0 0 0 0 0 0 0 0 0 0 0 0 0 0 0 0 0 0 0 0 0 0 0 0 0 0 0 0 0 0 0 0 0 0 0 0 0 0 0 0 0 0 0 0 0 0 0 0 0 0 0 0 0 0 0 0 0 0 0 0 0 0 0 0 0 0 0 0 0 0 0 0 0 0 0 0 0 0 0 0 0 0 0 0 0 0 0 0 0 0 0 0 0 0 0 0 0 0 0 0 0 0 0 0 0 0 0 0 0 0 0 0 0 0 0 0 0 0 0 0 0 0 0 0 0 0 0 0 0 0 0 0 0 0 0 0 0 0 0 0 0 0 0 0 0 0 0 0 0 0 0 0 0 0 0 0 0 0 0 0 0 0 0 0 0 0 0 0 0 0 0 0 0 0 0 0 0 0 0 0 0 0 0 0 0 0 0 0 0 0 0 0 0 0 0 0 0 0 0 0 0 0 0 0 0 0 0 0 0 0 0 0 0 0 0 0 0 0 0 0 0 0 0 0 0 0 0 0 0 0 0 0 0 0 0 0 0 0 0 0 0 0 0 0 0 0 0 0 0 0 0 0 0 0 0 0 0 0 0 0 0 0 0 0 0 0 0 0 0 0 0 0 0 0 0 0 0 0 0 0 0 0 0 0 0 0 0 0 0 0 0 0 0 0 0 0 0 0 0 0 0 0 0 0 0 0 0 0 0 0 0 0 0 0 0 0 0 0 0 0 0 0 0 0 0 0 0 0 0 0 0 0 0 0 0 0 0 0 0 0 0 0 0 0 0 0 0 0 0 0 0 0 0 0 0 0 0 0 0 0 0 0 0 0 0 0 0 0 0 0 0 0 0 0 0 0 0 0 0 0 0 0 0 0 0 0 0 0 0 0 0 0 0 0 0 0 0 0 0 0 0 0 0 0 0 0 0 0 0 0 0 0 0 0 0 0 0 0 0 0 0 0 0 0 0 0 0 0 0 0 0 0 0 0 0 0 0 0 0 0 0 0 0 0 0 0 0 0 0 0 0 0 0 0 0 0 0 0 0 0 0 0 0 0 0 0 0 0 0 0 0 0 0 0 0 0 0 0 0 0 0 0 0 0 0 0 0 0 0 0 0 0 0 0 0 0 0 0 0 0 0 0 0 0 0 0 0 0 0 0 0 0 0 0 0 0 0 0 0 0 0 0 0 0 0 0 0 0 0 0 0 0 0 0 0 0 0 0 0 0 0 0 0 0 0 0 0 0 0 0 0 0 0 0 0 0 0 0 0 0 0 0 0 0 0 0 0 0 0 0 0 0 0 0 0 0 0 0 0 0 0 0 0 0 0 0 0 0 0 0 0 0 0 0 0 0 0 0 0 0 0 0 0 0 0 0 0 0 0 0 0 0 0 0 0 0 0 0 0 0 0 0 0 0 0 0 0 0 0 0 0 0 0 0 0 0 0 0 0 0 0 0 0 0 0 0 0 0 0 0 0 0 0 0 0 0 0 0 0 0 0 0 0 0 0 0 0 0 0 0 0 0 0 0 0 0 0 0 0 0 0 0 0 0 0 0 0 0 0 0 0 0 0 0 0 0 0 0 0 0 0 0 0 0 0 0 0 0 0 0 0 0 0 0 0 0 0 0 0 0 0 0 0 0 0 0 0 0 0 0 0 0 0 0 0 0 0 0 0 0 0 0 0 0 0 0 0 0 0 0 0 0 0 0 0 0 0 0 0 0 0 0 0 0 0 0 0 0 0 0 0 0 0 0 0 0 0 0 0 0 0 0 0 0 0 0 0 0 0 0 0 0 0 0 0 0 0 0 0 0 0 0 0 0 0 0 0 0 0 0 0 0 0 0 0 0 0 0 0 0 0 0 0 0 0 0 0 0 0 0 0 0 0 0 0 0 0 0 0 0 0 0 0 0 0 0 0 0 0 0 0 0 0 0 0 0 0 0 0 0 0 0 0 0 0 0 0 0 0 0 0 0 0 0 0 0 0 0 0 0 0 0 0 0 0 0 0 0 0 0 0 0 0 0 0 0 0 0 0 0 0 0 0 0 0 0 0 0 0 0 0 0 0 0 0 0 0 0 0 0 0 0 0 0 0 0 0 0 0 0 0 0 0 0 0 0 0 0 0 0 0 0 0 0 0 0 0
ctxt 1942803577
btime 1780365523
processes 30062
procs_running 1
procs_blocked 0
softirq 44778001 17 3029590 10487 5795039 219 0 12394 22604124 2576 13323555
