cpu  1191144 0 898939 43532117 6771 20965 11194 0 0 0
cpu0 215772 0 60742 1140294 757 1737 2915 0 0 0
cpu1 46504 0 18156 1357726 741 1041 920 0 0 0
cpu2 166623 0 46615 1205172 952 1626 1161 0 0 0
cpu3 32122 0 23005 1368946 265 1032 222 0 0 0
cpu4 29800 0 15645 1378640 346 862 181 0 0 0
cpu5 26747 0 17201 1380099 374 881 139 0 0 0
cpu6 28830 0 31246 1363598 315 1038 111 0 0 0
cpu7 25827 0 37904 1360910 117 916 87 0 0 0
cpu8 10238 0 12389 1405670 109 245 54 0 0 0
cpu9 9225 0 12365 1406772 100 231 44 0 0 0
cpu10 6907 0 15997 1405797 159 164 26 0 0 0
cpu11 9383 0 10748 1407813 483 228 42 0 0 0
cpu12 6599 0 13780 1408300 190 161 24 0 0 0
cpu13 13610 0 13496 1400057 402 374 50 0 0 0
cpu14 7381 0 20179 1401076 193 184 25 0 0 0
cpu15 6967 0 21251 1400628 14 173 22 0 0 0
cpu16 198645 0 94652 1124277 184 1993 1423 0 0 0
cpu17 33316 0 46373 1344010 78 1105 104 0 0 0
cpu18 160527 0 83692 1171724 331 2316 3132 0 0 0
cpu19 21690 0 37423 1366587 69 706 77 0 0 0
cpu20 29369 0 47025 1347737 81 1039 83 0 0 0
cpu21 25747 0 44233 1354941 44 908 75 0 0 0
cpu22 14726 0 26214 1385864 82 465 60 0 0 0
cpu23 10275 0 14847 1402215 50 344 52 0 0 0
cpu24 7904 0 20485 1400531 12 154 20 0 0 0
cpu25 7593 0 20872 1400345 87 162 21 0 0 0
cpu26 5893 0 14524 1408499 98 132 18 0 0 0
cpu27 7874 0 23518 1397433 7 173 20 0 0 0
cpu28 6614 0 17543 1404812 5 151 17 0 0 0
cpu29 8833 0 24037 1395804 12 206 24 0 0 0
cpu30 5205 0 8930 1414889 55 115 17 0 0 0
cpu31 4380 0 3836 1420933 44 86 15 0 0 0
intr 603739909 121 0 0 0 0 0 0 0 0 1 0 0 0 0 0 0 0 0 0 0 0 0 0 0 0 0 0 0 0 0 0 1 1 1 2 1 0 212 187077 208531 302743 52244 77055 39321 23033 11562 3708 7074 1093 4222 1160 5903 1381 378 48466 39062 84079 18059 13378 13939 19111 16799 1878 198 377 593 246 598 66 381 0 0 0 0 0 0 0 0 0 0 134 0 0 0 0 0 0 0 0 0 0 0 0 0 0 0 0 0 0 0 985 0 75 392 0 1799248 0 0 0 0 0 0 0 0 0 0 0 0 0 0 0 0 0 0 0 0 0 0 0 0 0 0 0 0 0 0 0 0 0 0 0 0 0 0 0 0 0 0 0 0 0 0 0 0 0 0 0 0 0 0 0 0 0 0 0 0 0 0 0 0 0 0 0 0 0 0 0 0 0 0 0 0 0 0 0 0 0 0 0 0 0 0 0 0 0 0 0 0 0 0 0 0 0 0 0 0 0 0 0 0 0 0 0 0 0 0 0 0 0 0 0 0 0 0 0 0 0 0 0 0 0 0 0 0 0 0 0 0 0 0 0 0 0 0 0 0 0 0 0 0 0 0 0 0 0 0 0 0 0 0 0 0 0 0 0 0 0 0 0 0 0 0 0 0 0 0 0 0 0 0 0 0 0 0 0 0 0 0 0 0 0 0 0 0 0 0 0 0 0 0 0 0 0 0 0 0 0 0 0 0 0 0 0 0 0 0 0 0 0 0 0 0 0 0 0 0 0 0 0 0 0 0 0 0 0 0 0 0 0 0 0 0 0 0 0 0 0 0 0 0 0 0 0 0 0 0 0 0 0 0 0 0 0 0 0 0 0 0 0 0 0 0 0 0 0 0 0 0 0 0 0 0 0 0 0 0 0 0 0 0 0 0 0 0 0 0 0 0 0 0 0 0 0 0 0 0 0 0 0 0 0 0 0 0 0 0 0 0 0 0 0 0 0 0 0 0 0 0 0 0 0 0 0 0 0 0 0 0 0 0 0 0 0 0 0 0 0 0 0 0 0 0 0 0 0 0 0 0 0 0 0 0 0 0 0 0 0 0 0 0 0 0 0 0 0 0 0 0 0 0 0 0 0 0 0 0 0 0 0 0 0 0 0 0 0 0 0 0 0 0 0 0 0 0 0 0 0 0 0 0 0 0 0 0 0 0 0 0 0 0 0 0 0 0 0 0 0 0 0 0 0 0 0 0 0 0 0 0 0 0 0 0 0 0 0 0 0 0 0 0 0 0 0 0 0 0 0 0 0 0 0 0 0 0 0 0 0 0 0 0 0 0 0 0 0 0 0 0 0 0 0 0 0 0 0 0 0 0 0 0 0 0 0 0 0 0 0 0 0 0 0 0 0 0 0 0 0 0 0 0 0 0 0 0 0 0 0 0 0 0 0 0 0 0 0 0 0 0 0 0 0 0 0 0 0 0 0 0 0 0 0 0 0 0 0 0 0 0 0 0 0 0 0 0 0 0 0 0 0 0 0 0 0 0 0 0 0 0 0 0 0 0 0 0 0 0 0 0 0 0 0 0 0 0 0 0 0 0 0 0 0 0 0 0 0 0 0 0 0 0 0 0 0 0 0 0 0 0 0 0 0 0 0 0 0 0 0 0 0 0 0 0 0 0 0 0 0 0 0 0 0 0 0 0 0 0 0 0 0 0 0 0 0 0 0 0 0 0 0 0 0 0 0 0 0 0 0 0 0 0 0 0 0 0 0 0 0 0 0 0 0 0 0 0 0 0 0 0 0 0 0 0 0 0 0 0 0 0 0 0 0 0 0 0 0 0 0 0 0 0 0 0 0 0 0 0 0 0 0 0 0 0 0 0 0 0 0 0 0 0 0 0 0 0 0 0 0 0 0 0 0 0 0 0 0 0 0 0 0 0 0 0 0 0 0 0 0 0 0 0 0 0 0 0 0 0 0 0 0 0 0 0 0 0 0 0 0 0 0 0 0 0 0 0 0 0 0 0 0 0 0 0 0 0 0 0 0 0 0 0 0 0 0 0 0 0 0 0 0 0 0 0 0 0 0 0 0 0 0 0 0 0 0 0 0 0 0 0 0 0 0 0 0 0 0 0 0 0 0 0 0 0 0 0 0 0 0 0 0 0 0 0 0 0 0 0 0 0 0 0 0 0 0 0 0 0 0 0 0 0 0 0 0 0 0 0 0 0 0 0 0 0 0 0 0 0 0 0 0 0 0 0 0 0 0 0 0 0 0 0 0 0 0 0 0 0 0 0 0 0 0 0 0 0 0 0 0 0 0 0 0 0 0 0 0 0 0 0 0 0 0 0 0 0 0 0 0 0 0 0 0 0 0 0 0 0 0 0 0 0 0 0 0 0 0 0 0 0 0 0 0 0 0 0 0 0 0 0 0 0 0 0 0 0 0 0 0 0 0 0 0 0 0 0 0 0 0 0 0 0 0 0 0 0 0 0 0 0 0 0 0 0 0 0 0 0 0 0 0 0 0 0 0 0 0 0 0 0 0 0 0 0 0 0 0 0 0 0 0 0 0 0 0 0 0 0 0 0 0 0 0 0 0 0 0 0 0 0 0 0 0 0 0 0 0 0 0 0 0 0 0 0 0 0 0 0 0 0 0 0 0 0 0 0 0 0 0 0 0 0 0 0 0 0 0 0 0 0 0 0 0 0 0 0 0 0 0 0 0 0 0 0 0 0 0 0 0 0 0 0 0 0 0 0 0 0 0 0 0 0 0 0 0 0 0 0 0 0 0 0 0 0 0 0
ctxt 1942829099
btime 1780365523
processes 30103
procs_running 2
procs_blocked 0
softirq 44779864 17 3029758 10487 5795113 219 0 12394 22605188 2576 13324112
