cpu  1191180 0 898947 43535309 6771 20966 11195 0 0 0
cpu0 215780 0 60743 1140386 757 1737 2915 0 0 0
cpu1 46507 0 18157 1357825 741 1041 920 0 0 0
cpu2 166635 0 46616 1205262 952 1626 1161 0 0 0
cpu3 32123 0 23005 1369046 265 1032 222 0 0 0
cpu4 29802 0 15646 1378740 346 863 181 0 0 0
cpu5 26749 0 17202 1380198 374 881 139 0 0 0
cpu6 28831 0 31246 1363698 315 1038 111 0 0 0
cpu7 25828 0 37904 1361010 117 916 87 0 0 0
cpu8 10238 0 12389 1405770 109 245 54 0 0 0
cpu9 9225 0 12366 1406873 100 231 44 0 0 0
cpu10 6908 0 15997 1405897 159 164 26 0 0 0
cpu11 9383 0 10748 1407914 483 228 42 0 0 0
cpu12 6599 0 13780 1408401 190 161 24 0 0 0
cpu13 13610 0 13496 1400158 402 374 50 0 0 0
cpu14 7381 0 20179 1401177 193 184 25 0 0 0
cpu15 6967 0 21251 1400729 14 173 22 0 0 0
cpu16 198646 0 94653 1124377 184 1993 1423 0 0 0
cpu17 33316 0 46373 1344111 78 1105 104 0 0 0
cpu18 160531 0 83693 1171822 331 2316 3132 0 0 0
cpu19 21690 0 37423 1366688 69 706 77 0 0 0
cpu20 29370 0 47026 1347836 81 1039 83 0 0 0
cpu21 25748 0 44233 1355042 44 908 75 0 0 0
cpu22 14726 0 26214 1385965 82 465 60 0 0 0
cpu23 10275 0 14847 1402316 50 344 52 0 0 0
cpu24 7904 0 20485 1400632 12 154 20 0 0 0
cpu25 7593 0 20872 1400446 87 162 21 0 0 0
cpu26 5893 0 14524 1408600 98 132 18 0 0 0
cpu27 7874 0 23518 1397534 7 173 20 0 0 0
cpu28 6614 0 17543 1404913 5 151 17 0 0 0
cpu29 8833 0 24037 1395905 12 206 24 0 0 0
cpu30 5205 0 8930 1414990 55 115 17 0 0 0
cpu31 4380 0 3836 1421034 44 86 15 0 0 0
intr 603748349 121 0 0 0 0 0 0 0 0 1 0 0 0 0 0 0 0 0 0 0 0 0 0 0 0 0 0 0 0 0 0 1 1 1 2 1 0 212 187077 208531 302743 52244 77055 39321 23033 11562 3708 7074 1093 4222 1160 5903 1381 378 48466 39062 84079 18059 13378 13939 19111 16799 1878 198 377 593 246 598 66 381 0 0 0 0 0 0 0 0 0 0 134 0 0 0 0 0 0 0 0 0 0 0 0 0 0 0 0 0 0 0 985 0 75 392 0 1799294 0 0 0 0 0 0 0 0 0 0 0 0 0 0 0 0 0 0 0 0 0 0 0 0 0 0 0 0 0 0 0 0 0 0 0 0 0 0 0 0 0 0 0 0 0 0 0 0 0 0 0 0 0 0 0 0 0 0 0 0 0 0 0 0 0 0 0 0 0 0 0 0 0 0 0 0 0 0 0 0 0 0 0 0 0 0 0 0 0 0 0 0 0 0 0 0 0 0 0 0 0 0 0 0 0 0 0 0 0 0 0 0 0 0 0 0 0 0 0 0 0 0 0 0 0 0 0 0 0 0 0 0 0 0 0 0 0 0 0 0 0 0 0 0 0 0 0 0 0 0 0 0 0 0 0 0 0 0 0 0 0 0 0 0 0 0 0 0 0 0 0 0 0 0 0 0 0 0 0 0 0 0 0 0 0 0 0 0 0 0 0 0 0 0 0 0 0 0 0 0 0 0 0 0 0 0 0 0 0 0 0 0 0 0 0 0 0 0 0 0 0 0 0 0 0 0 0 0 0 0 0 0 0 0 0 0 0 0 0 0 0 0 0 0 0 0 0 0 0 0 0 0 0 0 0 0 0 0 0 0 0 0 0 0 0 0 0 0 0 0 0 0 0 0 0 0 0 0 0 0 0 0 0 0 0 0 0 0 0 0 0 0 0 0 0 0 0 0 0 0 0 0 0 0 0 0 0 0 0 0 0 0 0 0 0 0 0 0 0 0 0 0 0 0 0 0 0 0 0 0 0 0 0 0 0 0 0 0 0 0 0 0 0 0 0 0 0 0 0 0 0 0 0 0 0 0 0 0 0 0 0 0 0 0 0 0 0 0 0 0 0 0 0 0 0 0 0 0 0 0 0 0 0 0 0 0 0 0 0 0 0 0 0 0 0 0 0 0 0 0 0 0 0 0 0 0 0 0 0 0 0 0 0 0 0 0 0 0 0 0 0 0 0 0 0 0 0 0 0 0 0 0 0 0 0 0 0 0 0 0 0 0 0 0 0 0 0 0 0 0 0 0 0 0 0 0 0 0 0 0 0 0 0 0 0 0 0 0 0 0 0 0 0 0 0 0 0 0 0 0 0 0 0 0 0 0 0 0 0 0 0 0 0 0 0 0 0 0 0 0 0 0 0 0 0 0 0 0 0 0 0 0 0 0 0 0 0 0 0 0 0 0 0 0 0 0 0 0 0 0 0 0 0 0 0 0 0 0 0 0 0 0 0 0 0 0 0 0 0 0 0 0 0 0 0 0 0 0 0 0 0 0 0 0 0 0 0 0 0 0 0 0 0 0 0 0 0 0 0 0 0 0 0 0 0 0 0 0 0 0 0 0 0 0 0 0 0 0 0 0 0 0 0 0 0 0 0 0 0 0 0 0 0 0 0 0 0 0 0 0 0 0 0 0 0 0 0 0 0 0 0 0 0 0 0 0 0 0 0 0 0 0 0 0 0 0 0 0 0 0 0 0 0 0 0 0 0 0 0 0 0 0 0 0 0 0 0 0 0 0 0 0 0 0 0 0 0 0 0 0 0 0 0 0 0 0 0 0 0 0 0 0 0 0 0 0 0 0 0 0 0 0 0 0 0 0 0 0 0 0 0 0 0 0 0 0 0 0 0 0 0 0 0 0 0 0 0 0 0 0 0 0 0 0 0 0 0 0 0 0 0 0 0 0 0 0 0 0 0 0 0 0 0 0 0 0 0 0 0 0 0 0 0 0 0 0 0 0 0 0 0 0 0 0 0 0 0 0 0 0 0 0 0 0 0 0 0 0 0 0 0 0 0 0 0 0 0 0 0 0 0 0 0 0 0 0 0 0 0 0 0 0 0 0 0 0 0 0 0 0 0 0 0 0 0 0 0 0 0 0 0 0 0 0 0 0 0 0 0 0 0 0 0 0 0 0 0 0 0 0 0 0 0 0 0 0 0 0 0 0 0 0 0 0 0 0 0 0 0 0 0 0 0 0 0 0 0 0 0 0 0 0 0 0 0 0 0 0 0 0 0 0 0 0 0 0 0 0 0 0 0 0 0 0 0 0 0 0 0 0 0 0 0 0 0 0 0 0 0 0 0 0 0 0 0 0 0 0 0 0 0 0 0 0 0 0 0 0 0 0 0 0 0 0 0 0 0 0 0 0 0 0 0 0 0 0 0 0 0 0 0 0 0 0 0 0 0 0 0 0 0 0 0 0 0 0 0 0 0 0 0 0 0 0 0 0 0 0 0 0 0 0 0 0 0 0 0 0 0 0 0 0 0 0 0 0 0 0 0 0 0 0 0 0 0 0 0 0 0 0 0 0 0 0 0 0 0 0 0 0 0 0 0 0 0 0 0 0 0 0 0 0 0 0 0 0 0 0 0 0 0 0 0 0 0 0 0 0 0 0 0 0 0 0 0 0 0 0 0 0 0 0 0 0 0 0 0 0 0 0 0 0 0 0 0 0 0 0 0 0 0 0 0 0 0 0 0 0 0 0 0 0 0 0 0 0 0 0 0 0 0 0 0 0 0 0 0 0
ctxt 1942849289
btime 1780365523
processes 30144
procs_running 2
procs_blocked 0
softirq 44781694 17 3029926 10487 5795182 219 0 12394 22606291 2576 13324602
